(kicad_pcb (version 20171130) (host pcbnew "(5.0.2)-1")

  (general
    (thickness 1.6)
    (drawings 0)
    (tracks 0)
    (zones 0)
    (modules 23)
    (nets 17)
  )

  (page A4)
  (layers
    (0 F.Cu signal)
    (31 B.Cu signal)
    (32 B.Adhes user)
    (33 F.Adhes user)
    (34 B.Paste user)
    (35 F.Paste user)
    (36 B.SilkS user)
    (37 F.SilkS user)
    (38 B.Mask user)
    (39 F.Mask user)
    (40 Dwgs.User user)
    (41 Cmts.User user)
    (42 Eco1.User user)
    (43 Eco2.User user)
    (44 Edge.Cuts user)
    (45 Margin user)
    (46 B.CrtYd user)
    (47 F.CrtYd user)
    (48 B.Fab user)
    (49 F.Fab user)
  )

  (setup
    (last_trace_width 0.25)
    (trace_clearance 0.2)
    (zone_clearance 0.508)
    (zone_45_only no)
    (trace_min 0.2)
    (segment_width 0.2)
    (edge_width 0.15)
    (via_size 0.8)
    (via_drill 0.4)
    (via_min_size 0.4)
    (via_min_drill 0.3)
    (uvia_size 0.3)
    (uvia_drill 0.1)
    (uvias_allowed no)
    (uvia_min_size 0.2)
    (uvia_min_drill 0.1)
    (pcb_text_width 0.3)
    (pcb_text_size 1.5 1.5)
    (mod_edge_width 0.15)
    (mod_text_size 1 1)
    (mod_text_width 0.15)
    (pad_size 1.524 1.524)
    (pad_drill 0.762)
    (pad_to_mask_clearance 0.051)
    (solder_mask_min_width 0.25)
    (aux_axis_origin 0 0)
    (visible_elements FFFFFF7F)
    (pcbplotparams
      (layerselection 0x010fc_ffffffff)
      (usegerberextensions false)
      (usegerberattributes false)
      (usegerberadvancedattributes false)
      (creategerberjobfile false)
      (excludeedgelayer true)
      (linewidth 0.100000)
      (plotframeref false)
      (viasonmask false)
      (mode 1)
      (useauxorigin false)
      (hpglpennumber 1)
      (hpglpenspeed 20)
      (hpglpendiameter 15.000000)
      (psnegative false)
      (psa4output false)
      (plotreference true)
      (plotvalue true)
      (plotinvisibletext false)
      (padsonsilk false)
      (subtractmaskfromsilk false)
      (outputformat 1)
      (mirror false)
      (drillshape 1)
      (scaleselection 1)
      (outputdirectory ""))
  )

  (net 0 "")
  (net 1 "Net-(J101-PadT)")
  (net 2 GND)
  (net 3 "Net-(J102-PadT)")
  (net 4 "Net-(J103-PadT)")
  (net 5 "Net-(J104-PadT)")
  (net 6 "Net-(J105-PadT)")
  (net 7 "Net-(J106-PadT)")
  (net 8 "Net-(J107-PadT)")
  (net 9 "Net-(J108-PadT)")
  (net 10 "Net-(R101-Pad1)")
  (net 11 Out1)
  (net 12 In1)
  (net 13 "Net-(R106-Pad2)")
  (net 14 "Net-(R108-Pad1)")
  (net 15 Out2)
  (net 16 "Net-(R112-Pad2)")

  (net_class Default "This is the default net class."
    (clearance 0.2)
    (trace_width 0.25)
    (via_dia 0.8)
    (via_drill 0.4)
    (uvia_dia 0.3)
    (uvia_drill 0.1)
    (add_net GND)
    (add_net In1)
    (add_net "Net-(J101-PadT)")
    (add_net "Net-(J102-PadT)")
    (add_net "Net-(J103-PadT)")
    (add_net "Net-(J104-PadT)")
    (add_net "Net-(J105-PadT)")
    (add_net "Net-(J106-PadT)")
    (add_net "Net-(J107-PadT)")
    (add_net "Net-(J108-PadT)")
    (add_net "Net-(R101-Pad1)")
    (add_net "Net-(R106-Pad2)")
    (add_net "Net-(R108-Pad1)")
    (add_net "Net-(R112-Pad2)")
    (add_net Out1)
    (add_net Out2)
  )

  (module AJ-Dropbox-Kicad:PJ301SM (layer F.Cu) (tedit 5C72DE25) (tstamp 5C896FB1)
    (at 84.23025 98.209218 90)
    (path /5C85455C)
    (fp_text reference J101 (at 0 -3.5 90) (layer F.SilkS)
      (effects (font (size 0.75 1) (thickness 0.125)))
    )
    (fp_text value In1.1 (at 3 5.5 90) (layer F.SilkS)
      (effects (font (size 1 1) (thickness 0.15)))
    )
    (fp_circle (center 0 0) (end 1.8 0) (layer F.SilkS) (width 0.15))
    (fp_circle (center 0 0) (end 3 0.2) (layer F.SilkS) (width 0.15))
    (fp_line (start -4.5 -6) (end -4.5 4.5) (layer F.SilkS) (width 0.15))
    (fp_line (start 4.5 -6) (end -4.5 -6) (layer F.SilkS) (width 0.15))
    (fp_line (start 4.5 4.5) (end 4.5 -6) (layer F.SilkS) (width 0.15))
    (fp_line (start -4.5 4.5) (end 4.5 4.5) (layer F.SilkS) (width 0.15))
    (fp_line (start 0 -1.8) (end 0 1.8) (layer F.SilkS) (width 0.15))
    (fp_line (start 1.8 0) (end -1.8 0) (layer F.SilkS) (width 0.15))
    (pad T thru_hole oval (at 0 -4.92 90) (size 2.8 1.5) (drill oval 2.1 0.5) (layers *.Cu *.Mask)
      (net 1 "Net-(J101-PadT)"))
    (pad S thru_hole oval (at 0 6.48 90) (size 2.4 1.6) (drill oval 1.4 0.6) (layers *.Cu *.Mask)
      (net 2 GND))
    (pad TN thru_hole oval (at 0 3.38 90) (size 2.8 1.6) (drill oval 2 0.6) (layers *.Cu *.Mask)
      (net 2 GND))
    (model ${KIPRJMOD}/Local.pretty/PJ398SM.step
      (offset (xyz 0 0 9))
      (scale (xyz 1 1 1))
      (rotate (xyz -90 0 0))
    )
    (model C:/Users/anders/Documents/KiCad/Lib/aj_packages3d/3D/Connectors/PJ398SM.step
      (offset (xyz 0 0 8))
      (scale (xyz 1 1 1))
      (rotate (xyz -90 0 0))
    )
  )

  (module AJ-Dropbox-Kicad:PJ301SM (layer F.Cu) (tedit 5C72DE25) (tstamp 5C897805)
    (at 84.23025 134.809218 90)
    (path /5C8545CC)
    (fp_text reference J102 (at 0 -3.5 90) (layer F.SilkS)
      (effects (font (size 0.75 1) (thickness 0.125)))
    )
    (fp_text value In1.2 (at 3 5.5 90) (layer F.SilkS)
      (effects (font (size 1 1) (thickness 0.15)))
    )
    (fp_line (start 1.8 0) (end -1.8 0) (layer F.SilkS) (width 0.15))
    (fp_line (start 0 -1.8) (end 0 1.8) (layer F.SilkS) (width 0.15))
    (fp_line (start -4.5 4.5) (end 4.5 4.5) (layer F.SilkS) (width 0.15))
    (fp_line (start 4.5 4.5) (end 4.5 -6) (layer F.SilkS) (width 0.15))
    (fp_line (start 4.5 -6) (end -4.5 -6) (layer F.SilkS) (width 0.15))
    (fp_line (start -4.5 -6) (end -4.5 4.5) (layer F.SilkS) (width 0.15))
    (fp_circle (center 0 0) (end 3 0.2) (layer F.SilkS) (width 0.15))
    (fp_circle (center 0 0) (end 1.8 0) (layer F.SilkS) (width 0.15))
    (pad TN thru_hole oval (at 0 3.38 90) (size 2.8 1.6) (drill oval 2 0.6) (layers *.Cu *.Mask)
      (net 2 GND))
    (pad S thru_hole oval (at 0 6.48 90) (size 2.4 1.6) (drill oval 1.4 0.6) (layers *.Cu *.Mask)
      (net 2 GND))
    (pad T thru_hole oval (at 0 -4.92 90) (size 2.8 1.5) (drill oval 2.1 0.5) (layers *.Cu *.Mask)
      (net 3 "Net-(J102-PadT)"))
    (model ${KIPRJMOD}/Local.pretty/PJ398SM.step
      (offset (xyz 0 0 9))
      (scale (xyz 1 1 1))
      (rotate (xyz -90 0 0))
    )
    (model C:/Users/anders/Documents/KiCad/Lib/aj_packages3d/3D/Connectors/PJ398SM.step
      (offset (xyz 0 0 8))
      (scale (xyz 1 1 1))
      (rotate (xyz -90 0 0))
    )
  )

  (module AJ-Dropbox-Kicad:PJ301SM (layer F.Cu) (tedit 5C72DE25) (tstamp 5C896FCF)
    (at 84.33025 88.659218 90)
    (path /5C8B73F0)
    (fp_text reference J103 (at 0 -3.5 90) (layer F.SilkS)
      (effects (font (size 0.75 1) (thickness 0.125)))
    )
    (fp_text value In1.3 (at 3 5.5 90) (layer F.SilkS)
      (effects (font (size 1 1) (thickness 0.15)))
    )
    (fp_line (start 1.8 0) (end -1.8 0) (layer F.SilkS) (width 0.15))
    (fp_line (start 0 -1.8) (end 0 1.8) (layer F.SilkS) (width 0.15))
    (fp_line (start -4.5 4.5) (end 4.5 4.5) (layer F.SilkS) (width 0.15))
    (fp_line (start 4.5 4.5) (end 4.5 -6) (layer F.SilkS) (width 0.15))
    (fp_line (start 4.5 -6) (end -4.5 -6) (layer F.SilkS) (width 0.15))
    (fp_line (start -4.5 -6) (end -4.5 4.5) (layer F.SilkS) (width 0.15))
    (fp_circle (center 0 0) (end 3 0.2) (layer F.SilkS) (width 0.15))
    (fp_circle (center 0 0) (end 1.8 0) (layer F.SilkS) (width 0.15))
    (pad TN thru_hole oval (at 0 3.38 90) (size 2.8 1.6) (drill oval 2 0.6) (layers *.Cu *.Mask)
      (net 2 GND))
    (pad S thru_hole oval (at 0 6.48 90) (size 2.4 1.6) (drill oval 1.4 0.6) (layers *.Cu *.Mask)
      (net 2 GND))
    (pad T thru_hole oval (at 0 -4.92 90) (size 2.8 1.5) (drill oval 2.1 0.5) (layers *.Cu *.Mask)
      (net 4 "Net-(J103-PadT)"))
    (model ${KIPRJMOD}/Local.pretty/PJ398SM.step
      (offset (xyz 0 0 9))
      (scale (xyz 1 1 1))
      (rotate (xyz -90 0 0))
    )
    (model C:/Users/anders/Documents/KiCad/Lib/aj_packages3d/3D/Connectors/PJ398SM.step
      (offset (xyz 0 0 8))
      (scale (xyz 1 1 1))
      (rotate (xyz -90 0 0))
    )
  )

  (module AJ-Dropbox-Kicad:PJ301SM (layer F.Cu) (tedit 5C72DE25) (tstamp 5C8977DB)
    (at 84.23025 125.659218 90)
    (path /5C854AC0)
    (fp_text reference J104 (at 0 -3.5 90) (layer F.SilkS)
      (effects (font (size 0.75 1) (thickness 0.125)))
    )
    (fp_text value Out1 (at 3 5.5 90) (layer F.SilkS)
      (effects (font (size 1 1) (thickness 0.15)))
    )
    (fp_circle (center 0 0) (end 1.8 0) (layer F.SilkS) (width 0.15))
    (fp_circle (center 0 0) (end 3 0.2) (layer F.SilkS) (width 0.15))
    (fp_line (start -4.5 -6) (end -4.5 4.5) (layer F.SilkS) (width 0.15))
    (fp_line (start 4.5 -6) (end -4.5 -6) (layer F.SilkS) (width 0.15))
    (fp_line (start 4.5 4.5) (end 4.5 -6) (layer F.SilkS) (width 0.15))
    (fp_line (start -4.5 4.5) (end 4.5 4.5) (layer F.SilkS) (width 0.15))
    (fp_line (start 0 -1.8) (end 0 1.8) (layer F.SilkS) (width 0.15))
    (fp_line (start 1.8 0) (end -1.8 0) (layer F.SilkS) (width 0.15))
    (pad T thru_hole oval (at 0 -4.92 90) (size 2.8 1.5) (drill oval 2.1 0.5) (layers *.Cu *.Mask)
      (net 5 "Net-(J104-PadT)"))
    (pad S thru_hole oval (at 0 6.48 90) (size 2.4 1.6) (drill oval 1.4 0.6) (layers *.Cu *.Mask)
      (net 2 GND))
    (pad TN thru_hole oval (at 0 3.38 90) (size 2.8 1.6) (drill oval 2 0.6) (layers *.Cu *.Mask))
    (model ${KIPRJMOD}/Local.pretty/PJ398SM.step
      (offset (xyz 0 0 9))
      (scale (xyz 1 1 1))
      (rotate (xyz -90 0 0))
    )
    (model C:/Users/anders/Documents/KiCad/Lib/aj_packages3d/3D/Connectors/PJ398SM.step
      (offset (xyz 0 0 8))
      (scale (xyz 1 1 1))
      (rotate (xyz -90 0 0))
    )
  )

  (module AJ-Dropbox-Kicad:PJ301SM (layer F.Cu) (tedit 5C72DE25) (tstamp 5C896FED)
    (at 84.23025 116.509218 90)
    (path /5C858983)
    (fp_text reference J105 (at 0 -3.5 90) (layer F.SilkS)
      (effects (font (size 0.75 1) (thickness 0.125)))
    )
    (fp_text value In1 (at 3 5.5 90) (layer F.SilkS)
      (effects (font (size 1 1) (thickness 0.15)))
    )
    (fp_line (start 1.8 0) (end -1.8 0) (layer F.SilkS) (width 0.15))
    (fp_line (start 0 -1.8) (end 0 1.8) (layer F.SilkS) (width 0.15))
    (fp_line (start -4.5 4.5) (end 4.5 4.5) (layer F.SilkS) (width 0.15))
    (fp_line (start 4.5 4.5) (end 4.5 -6) (layer F.SilkS) (width 0.15))
    (fp_line (start 4.5 -6) (end -4.5 -6) (layer F.SilkS) (width 0.15))
    (fp_line (start -4.5 -6) (end -4.5 4.5) (layer F.SilkS) (width 0.15))
    (fp_circle (center 0 0) (end 3 0.2) (layer F.SilkS) (width 0.15))
    (fp_circle (center 0 0) (end 1.8 0) (layer F.SilkS) (width 0.15))
    (pad TN thru_hole oval (at 0 3.38 90) (size 2.8 1.6) (drill oval 2 0.6) (layers *.Cu *.Mask)
      (net 5 "Net-(J104-PadT)"))
    (pad S thru_hole oval (at 0 6.48 90) (size 2.4 1.6) (drill oval 1.4 0.6) (layers *.Cu *.Mask)
      (net 2 GND))
    (pad T thru_hole oval (at 0 -4.92 90) (size 2.8 1.5) (drill oval 2.1 0.5) (layers *.Cu *.Mask)
      (net 6 "Net-(J105-PadT)"))
    (model ${KIPRJMOD}/Local.pretty/PJ398SM.step
      (offset (xyz 0 0 9))
      (scale (xyz 1 1 1))
      (rotate (xyz -90 0 0))
    )
    (model C:/Users/anders/Documents/KiCad/Lib/aj_packages3d/3D/Connectors/PJ398SM.step
      (offset (xyz 0 0 8))
      (scale (xyz 1 1 1))
      (rotate (xyz -90 0 0))
    )
  )

  (module AJ-Dropbox-Kicad:PJ301SM (layer F.Cu) (tedit 5C72DE25) (tstamp 5C896FFC)
    (at 84.33025 79.509218 90)
    (path /5C858989)
    (fp_text reference J106 (at 0 -3.5 90) (layer F.SilkS)
      (effects (font (size 0.75 1) (thickness 0.125)))
    )
    (fp_text value Out2.1 (at 3 5.5 90) (layer F.SilkS)
      (effects (font (size 1 1) (thickness 0.15)))
    )
    (fp_circle (center 0 0) (end 1.8 0) (layer F.SilkS) (width 0.15))
    (fp_circle (center 0 0) (end 3 0.2) (layer F.SilkS) (width 0.15))
    (fp_line (start -4.5 -6) (end -4.5 4.5) (layer F.SilkS) (width 0.15))
    (fp_line (start 4.5 -6) (end -4.5 -6) (layer F.SilkS) (width 0.15))
    (fp_line (start 4.5 4.5) (end 4.5 -6) (layer F.SilkS) (width 0.15))
    (fp_line (start -4.5 4.5) (end 4.5 4.5) (layer F.SilkS) (width 0.15))
    (fp_line (start 0 -1.8) (end 0 1.8) (layer F.SilkS) (width 0.15))
    (fp_line (start 1.8 0) (end -1.8 0) (layer F.SilkS) (width 0.15))
    (pad T thru_hole oval (at 0 -4.92 90) (size 2.8 1.5) (drill oval 2.1 0.5) (layers *.Cu *.Mask)
      (net 7 "Net-(J106-PadT)"))
    (pad S thru_hole oval (at 0 6.48 90) (size 2.4 1.6) (drill oval 1.4 0.6) (layers *.Cu *.Mask)
      (net 2 GND))
    (pad TN thru_hole oval (at 0 3.38 90) (size 2.8 1.6) (drill oval 2 0.6) (layers *.Cu *.Mask)
      (net 2 GND))
    (model ${KIPRJMOD}/Local.pretty/PJ398SM.step
      (offset (xyz 0 0 9))
      (scale (xyz 1 1 1))
      (rotate (xyz -90 0 0))
    )
    (model C:/Users/anders/Documents/KiCad/Lib/aj_packages3d/3D/Connectors/PJ398SM.step
      (offset (xyz 0 0 8))
      (scale (xyz 1 1 1))
      (rotate (xyz -90 0 0))
    )
  )

  (module AJ-Dropbox-Kicad:PJ301SM (layer F.Cu) (tedit 5C72DE25) (tstamp 5C89700B)
    (at 84.33025 70.359218 90)
    (path /5C8C1C4C)
    (fp_text reference J107 (at 0 -3.5 90) (layer F.SilkS)
      (effects (font (size 0.75 1) (thickness 0.125)))
    )
    (fp_text value Out2.2 (at 3 5.5 90) (layer F.SilkS)
      (effects (font (size 1 1) (thickness 0.15)))
    )
    (fp_line (start 1.8 0) (end -1.8 0) (layer F.SilkS) (width 0.15))
    (fp_line (start 0 -1.8) (end 0 1.8) (layer F.SilkS) (width 0.15))
    (fp_line (start -4.5 4.5) (end 4.5 4.5) (layer F.SilkS) (width 0.15))
    (fp_line (start 4.5 4.5) (end 4.5 -6) (layer F.SilkS) (width 0.15))
    (fp_line (start 4.5 -6) (end -4.5 -6) (layer F.SilkS) (width 0.15))
    (fp_line (start -4.5 -6) (end -4.5 4.5) (layer F.SilkS) (width 0.15))
    (fp_circle (center 0 0) (end 3 0.2) (layer F.SilkS) (width 0.15))
    (fp_circle (center 0 0) (end 1.8 0) (layer F.SilkS) (width 0.15))
    (pad TN thru_hole oval (at 0 3.38 90) (size 2.8 1.6) (drill oval 2 0.6) (layers *.Cu *.Mask)
      (net 2 GND))
    (pad S thru_hole oval (at 0 6.48 90) (size 2.4 1.6) (drill oval 1.4 0.6) (layers *.Cu *.Mask)
      (net 2 GND))
    (pad T thru_hole oval (at 0 -4.92 90) (size 2.8 1.5) (drill oval 2.1 0.5) (layers *.Cu *.Mask)
      (net 8 "Net-(J107-PadT)"))
    (model ${KIPRJMOD}/Local.pretty/PJ398SM.step
      (offset (xyz 0 0 9))
      (scale (xyz 1 1 1))
      (rotate (xyz -90 0 0))
    )
    (model C:/Users/anders/Documents/KiCad/Lib/aj_packages3d/3D/Connectors/PJ398SM.step
      (offset (xyz 0 0 8))
      (scale (xyz 1 1 1))
      (rotate (xyz -90 0 0))
    )
  )

  (module AJ-Dropbox-Kicad:PJ301SM (layer F.Cu) (tedit 5C72DE25) (tstamp 5C89701A)
    (at 84.23025 107.359218 90)
    (path /5C85899D)
    (fp_text reference J108 (at 0 -3.5 90) (layer F.SilkS)
      (effects (font (size 0.75 1) (thickness 0.125)))
    )
    (fp_text value Out2.3 (at 3 5.5 90) (layer F.SilkS)
      (effects (font (size 1 1) (thickness 0.15)))
    )
    (fp_circle (center 0 0) (end 1.8 0) (layer F.SilkS) (width 0.15))
    (fp_circle (center 0 0) (end 3 0.2) (layer F.SilkS) (width 0.15))
    (fp_line (start -4.5 -6) (end -4.5 4.5) (layer F.SilkS) (width 0.15))
    (fp_line (start 4.5 -6) (end -4.5 -6) (layer F.SilkS) (width 0.15))
    (fp_line (start 4.5 4.5) (end 4.5 -6) (layer F.SilkS) (width 0.15))
    (fp_line (start -4.5 4.5) (end 4.5 4.5) (layer F.SilkS) (width 0.15))
    (fp_line (start 0 -1.8) (end 0 1.8) (layer F.SilkS) (width 0.15))
    (fp_line (start 1.8 0) (end -1.8 0) (layer F.SilkS) (width 0.15))
    (pad T thru_hole oval (at 0 -4.92 90) (size 2.8 1.5) (drill oval 2.1 0.5) (layers *.Cu *.Mask)
      (net 9 "Net-(J108-PadT)"))
    (pad S thru_hole oval (at 0 6.48 90) (size 2.4 1.6) (drill oval 1.4 0.6) (layers *.Cu *.Mask))
    (pad TN thru_hole oval (at 0 3.38 90) (size 2.8 1.6) (drill oval 2 0.6) (layers *.Cu *.Mask))
    (model ${KIPRJMOD}/Local.pretty/PJ398SM.step
      (offset (xyz 0 0 9))
      (scale (xyz 1 1 1))
      (rotate (xyz -90 0 0))
    )
    (model C:/Users/anders/Documents/KiCad/Lib/aj_packages3d/3D/Connectors/PJ398SM.step
      (offset (xyz 0 0 8))
      (scale (xyz 1 1 1))
      (rotate (xyz -90 0 0))
    )
  )

  (module Resistor_SMD:R_0805_2012Metric_Pad1.15x1.40mm_HandSolder (layer F.Cu) (tedit 5B36C52B) (tstamp 5C89702B)
    (at 43.98025 74.159218 90)
    (descr "Resistor SMD 0805 (2012 Metric), square (rectangular) end terminal, IPC_7351 nominal with elongated pad for handsoldering. (Body size source: https://docs.google.com/spreadsheets/d/1BsfQQcO9C6DZCsRaXUlFlo91Tg2WpOkGARC1WS5S8t0/edit?usp=sharing), generated with kicad-footprint-generator")
    (tags "resistor handsolder")
    (path /5C8BFEBC)
    (attr smd)
    (fp_text reference R101 (at 0 -1.65 90) (layer F.SilkS)
      (effects (font (size 1 1) (thickness 0.15)))
    )
    (fp_text value 47k (at 0 1.65 90) (layer F.Fab)
      (effects (font (size 1 1) (thickness 0.15)))
    )
    (fp_line (start -1 0.6) (end -1 -0.6) (layer F.Fab) (width 0.1))
    (fp_line (start -1 -0.6) (end 1 -0.6) (layer F.Fab) (width 0.1))
    (fp_line (start 1 -0.6) (end 1 0.6) (layer F.Fab) (width 0.1))
    (fp_line (start 1 0.6) (end -1 0.6) (layer F.Fab) (width 0.1))
    (fp_line (start -0.261252 -0.71) (end 0.261252 -0.71) (layer F.SilkS) (width 0.12))
    (fp_line (start -0.261252 0.71) (end 0.261252 0.71) (layer F.SilkS) (width 0.12))
    (fp_line (start -1.85 0.95) (end -1.85 -0.95) (layer F.CrtYd) (width 0.05))
    (fp_line (start -1.85 -0.95) (end 1.85 -0.95) (layer F.CrtYd) (width 0.05))
    (fp_line (start 1.85 -0.95) (end 1.85 0.95) (layer F.CrtYd) (width 0.05))
    (fp_line (start 1.85 0.95) (end -1.85 0.95) (layer F.CrtYd) (width 0.05))
    (fp_text user %R (at 0 0 90) (layer F.Fab)
      (effects (font (size 0.5 0.5) (thickness 0.08)))
    )
    (pad 1 smd roundrect (at -1.025 0 90) (size 1.15 1.4) (layers F.Cu F.Paste F.Mask) (roundrect_rratio 0.217391)
      (net 10 "Net-(R101-Pad1)"))
    (pad 2 smd roundrect (at 1.025 0 90) (size 1.15 1.4) (layers F.Cu F.Paste F.Mask) (roundrect_rratio 0.217391)
      (net 2 GND))
    (model ${KISYS3DMOD}/Resistor_SMD.3dshapes/R_0805_2012Metric.wrl
      (at (xyz 0 0 0))
      (scale (xyz 1 1 1))
      (rotate (xyz 0 0 0))
    )
  )

  (module Resistor_SMD:R_0805_2012Metric_Pad1.15x1.40mm_HandSolder (layer F.Cu) (tedit 5B36C52B) (tstamp 5C89703C)
    (at 37.23025 68.199218 90)
    (descr "Resistor SMD 0805 (2012 Metric), square (rectangular) end terminal, IPC_7351 nominal with elongated pad for handsoldering. (Body size source: https://docs.google.com/spreadsheets/d/1BsfQQcO9C6DZCsRaXUlFlo91Tg2WpOkGARC1WS5S8t0/edit?usp=sharing), generated with kicad-footprint-generator")
    (tags "resistor handsolder")
    (path /5C89DF9F)
    (attr smd)
    (fp_text reference R102 (at 0 -1.65 90) (layer F.SilkS)
      (effects (font (size 1 1) (thickness 0.15)))
    )
    (fp_text value 20k (at 0 1.65 90) (layer F.Fab)
      (effects (font (size 1 1) (thickness 0.15)))
    )
    (fp_line (start -1 0.6) (end -1 -0.6) (layer F.Fab) (width 0.1))
    (fp_line (start -1 -0.6) (end 1 -0.6) (layer F.Fab) (width 0.1))
    (fp_line (start 1 -0.6) (end 1 0.6) (layer F.Fab) (width 0.1))
    (fp_line (start 1 0.6) (end -1 0.6) (layer F.Fab) (width 0.1))
    (fp_line (start -0.261252 -0.71) (end 0.261252 -0.71) (layer F.SilkS) (width 0.12))
    (fp_line (start -0.261252 0.71) (end 0.261252 0.71) (layer F.SilkS) (width 0.12))
    (fp_line (start -1.85 0.95) (end -1.85 -0.95) (layer F.CrtYd) (width 0.05))
    (fp_line (start -1.85 -0.95) (end 1.85 -0.95) (layer F.CrtYd) (width 0.05))
    (fp_line (start 1.85 -0.95) (end 1.85 0.95) (layer F.CrtYd) (width 0.05))
    (fp_line (start 1.85 0.95) (end -1.85 0.95) (layer F.CrtYd) (width 0.05))
    (fp_text user %R (at 0 0 90) (layer F.Fab)
      (effects (font (size 0.5 0.5) (thickness 0.08)))
    )
    (pad 1 smd roundrect (at -1.025 0 90) (size 1.15 1.4) (layers F.Cu F.Paste F.Mask) (roundrect_rratio 0.217391)
      (net 11 Out1))
    (pad 2 smd roundrect (at 1.025 0 90) (size 1.15 1.4) (layers F.Cu F.Paste F.Mask) (roundrect_rratio 0.217391)
      (net 10 "Net-(R101-Pad1)"))
    (model ${KISYS3DMOD}/Resistor_SMD.3dshapes/R_0805_2012Metric.wrl
      (at (xyz 0 0 0))
      (scale (xyz 1 1 1))
      (rotate (xyz 0 0 0))
    )
  )

  (module Resistor_SMD:R_0805_2012Metric_Pad1.15x1.40mm_HandSolder (layer F.Cu) (tedit 5B36C52B) (tstamp 5C89704D)
    (at 27.78025 59.609218 90)
    (descr "Resistor SMD 0805 (2012 Metric), square (rectangular) end terminal, IPC_7351 nominal with elongated pad for handsoldering. (Body size source: https://docs.google.com/spreadsheets/d/1BsfQQcO9C6DZCsRaXUlFlo91Tg2WpOkGARC1WS5S8t0/edit?usp=sharing), generated with kicad-footprint-generator")
    (tags "resistor handsolder")
    (path /5C85440A)
    (attr smd)
    (fp_text reference R103 (at 0 -1.65 90) (layer F.SilkS)
      (effects (font (size 1 1) (thickness 0.15)))
    )
    (fp_text value 47k (at 0 1.65 90) (layer F.Fab)
      (effects (font (size 1 1) (thickness 0.15)))
    )
    (fp_line (start -1 0.6) (end -1 -0.6) (layer F.Fab) (width 0.1))
    (fp_line (start -1 -0.6) (end 1 -0.6) (layer F.Fab) (width 0.1))
    (fp_line (start 1 -0.6) (end 1 0.6) (layer F.Fab) (width 0.1))
    (fp_line (start 1 0.6) (end -1 0.6) (layer F.Fab) (width 0.1))
    (fp_line (start -0.261252 -0.71) (end 0.261252 -0.71) (layer F.SilkS) (width 0.12))
    (fp_line (start -0.261252 0.71) (end 0.261252 0.71) (layer F.SilkS) (width 0.12))
    (fp_line (start -1.85 0.95) (end -1.85 -0.95) (layer F.CrtYd) (width 0.05))
    (fp_line (start -1.85 -0.95) (end 1.85 -0.95) (layer F.CrtYd) (width 0.05))
    (fp_line (start 1.85 -0.95) (end 1.85 0.95) (layer F.CrtYd) (width 0.05))
    (fp_line (start 1.85 0.95) (end -1.85 0.95) (layer F.CrtYd) (width 0.05))
    (fp_text user %R (at 0 0 90) (layer F.Fab)
      (effects (font (size 0.5 0.5) (thickness 0.08)))
    )
    (pad 1 smd roundrect (at -1.025 0 90) (size 1.15 1.4) (layers F.Cu F.Paste F.Mask) (roundrect_rratio 0.217391)
      (net 12 In1))
    (pad 2 smd roundrect (at 1.025 0 90) (size 1.15 1.4) (layers F.Cu F.Paste F.Mask) (roundrect_rratio 0.217391)
      (net 1 "Net-(J101-PadT)"))
    (model ${KISYS3DMOD}/Resistor_SMD.3dshapes/R_0805_2012Metric.wrl
      (at (xyz 0 0 0))
      (scale (xyz 1 1 1))
      (rotate (xyz 0 0 0))
    )
  )

  (module Resistor_SMD:R_0805_2012Metric_Pad1.15x1.40mm_HandSolder (layer F.Cu) (tedit 5B36C52B) (tstamp 5C89705E)
    (at 49.83025 77.909218 90)
    (descr "Resistor SMD 0805 (2012 Metric), square (rectangular) end terminal, IPC_7351 nominal with elongated pad for handsoldering. (Body size source: https://docs.google.com/spreadsheets/d/1BsfQQcO9C6DZCsRaXUlFlo91Tg2WpOkGARC1WS5S8t0/edit?usp=sharing), generated with kicad-footprint-generator")
    (tags "resistor handsolder")
    (path /5C8544A2)
    (attr smd)
    (fp_text reference R104 (at 0 -1.65 90) (layer F.SilkS)
      (effects (font (size 1 1) (thickness 0.15)))
    )
    (fp_text value 47k (at 0 1.65 90) (layer F.Fab)
      (effects (font (size 1 1) (thickness 0.15)))
    )
    (fp_text user %R (at 0 0 90) (layer F.Fab)
      (effects (font (size 0.5 0.5) (thickness 0.08)))
    )
    (fp_line (start 1.85 0.95) (end -1.85 0.95) (layer F.CrtYd) (width 0.05))
    (fp_line (start 1.85 -0.95) (end 1.85 0.95) (layer F.CrtYd) (width 0.05))
    (fp_line (start -1.85 -0.95) (end 1.85 -0.95) (layer F.CrtYd) (width 0.05))
    (fp_line (start -1.85 0.95) (end -1.85 -0.95) (layer F.CrtYd) (width 0.05))
    (fp_line (start -0.261252 0.71) (end 0.261252 0.71) (layer F.SilkS) (width 0.12))
    (fp_line (start -0.261252 -0.71) (end 0.261252 -0.71) (layer F.SilkS) (width 0.12))
    (fp_line (start 1 0.6) (end -1 0.6) (layer F.Fab) (width 0.1))
    (fp_line (start 1 -0.6) (end 1 0.6) (layer F.Fab) (width 0.1))
    (fp_line (start -1 -0.6) (end 1 -0.6) (layer F.Fab) (width 0.1))
    (fp_line (start -1 0.6) (end -1 -0.6) (layer F.Fab) (width 0.1))
    (pad 2 smd roundrect (at 1.025 0 90) (size 1.15 1.4) (layers F.Cu F.Paste F.Mask) (roundrect_rratio 0.217391)
      (net 3 "Net-(J102-PadT)"))
    (pad 1 smd roundrect (at -1.025 0 90) (size 1.15 1.4) (layers F.Cu F.Paste F.Mask) (roundrect_rratio 0.217391)
      (net 12 In1))
    (model ${KISYS3DMOD}/Resistor_SMD.3dshapes/R_0805_2012Metric.wrl
      (at (xyz 0 0 0))
      (scale (xyz 1 1 1))
      (rotate (xyz 0 0 0))
    )
  )

  (module Resistor_SMD:R_0805_2012Metric_Pad1.15x1.40mm_HandSolder (layer F.Cu) (tedit 5B36C52B) (tstamp 5C89706F)
    (at 23.88025 59.609218 90)
    (descr "Resistor SMD 0805 (2012 Metric), square (rectangular) end terminal, IPC_7351 nominal with elongated pad for handsoldering. (Body size source: https://docs.google.com/spreadsheets/d/1BsfQQcO9C6DZCsRaXUlFlo91Tg2WpOkGARC1WS5S8t0/edit?usp=sharing), generated with kicad-footprint-generator")
    (tags "resistor handsolder")
    (path /5C8BFDED)
    (attr smd)
    (fp_text reference R105 (at 0 -1.65 90) (layer F.SilkS)
      (effects (font (size 1 1) (thickness 0.15)))
    )
    (fp_text value 47k (at 0 1.65 90) (layer F.Fab)
      (effects (font (size 1 1) (thickness 0.15)))
    )
    (fp_text user %R (at 0 0 90) (layer F.Fab)
      (effects (font (size 0.5 0.5) (thickness 0.08)))
    )
    (fp_line (start 1.85 0.95) (end -1.85 0.95) (layer F.CrtYd) (width 0.05))
    (fp_line (start 1.85 -0.95) (end 1.85 0.95) (layer F.CrtYd) (width 0.05))
    (fp_line (start -1.85 -0.95) (end 1.85 -0.95) (layer F.CrtYd) (width 0.05))
    (fp_line (start -1.85 0.95) (end -1.85 -0.95) (layer F.CrtYd) (width 0.05))
    (fp_line (start -0.261252 0.71) (end 0.261252 0.71) (layer F.SilkS) (width 0.12))
    (fp_line (start -0.261252 -0.71) (end 0.261252 -0.71) (layer F.SilkS) (width 0.12))
    (fp_line (start 1 0.6) (end -1 0.6) (layer F.Fab) (width 0.1))
    (fp_line (start 1 -0.6) (end 1 0.6) (layer F.Fab) (width 0.1))
    (fp_line (start -1 -0.6) (end 1 -0.6) (layer F.Fab) (width 0.1))
    (fp_line (start -1 0.6) (end -1 -0.6) (layer F.Fab) (width 0.1))
    (pad 2 smd roundrect (at 1.025 0 90) (size 1.15 1.4) (layers F.Cu F.Paste F.Mask) (roundrect_rratio 0.217391)
      (net 4 "Net-(J103-PadT)"))
    (pad 1 smd roundrect (at -1.025 0 90) (size 1.15 1.4) (layers F.Cu F.Paste F.Mask) (roundrect_rratio 0.217391)
      (net 12 In1))
    (model ${KISYS3DMOD}/Resistor_SMD.3dshapes/R_0805_2012Metric.wrl
      (at (xyz 0 0 0))
      (scale (xyz 1 1 1))
      (rotate (xyz 0 0 0))
    )
  )

  (module Resistor_SMD:R_0805_2012Metric_Pad1.15x1.40mm_HandSolder (layer F.Cu) (tedit 5B36C52B) (tstamp 5C897080)
    (at 45.93025 77.909218 90)
    (descr "Resistor SMD 0805 (2012 Metric), square (rectangular) end terminal, IPC_7351 nominal with elongated pad for handsoldering. (Body size source: https://docs.google.com/spreadsheets/d/1BsfQQcO9C6DZCsRaXUlFlo91Tg2WpOkGARC1WS5S8t0/edit?usp=sharing), generated with kicad-footprint-generator")
    (tags "resistor handsolder")
    (path /5C8C010C)
    (attr smd)
    (fp_text reference R106 (at 0 -1.65 90) (layer F.SilkS)
      (effects (font (size 1 1) (thickness 0.15)))
    )
    (fp_text value 47k (at 0 1.65 90) (layer F.Fab)
      (effects (font (size 1 1) (thickness 0.15)))
    )
    (fp_line (start -1 0.6) (end -1 -0.6) (layer F.Fab) (width 0.1))
    (fp_line (start -1 -0.6) (end 1 -0.6) (layer F.Fab) (width 0.1))
    (fp_line (start 1 -0.6) (end 1 0.6) (layer F.Fab) (width 0.1))
    (fp_line (start 1 0.6) (end -1 0.6) (layer F.Fab) (width 0.1))
    (fp_line (start -0.261252 -0.71) (end 0.261252 -0.71) (layer F.SilkS) (width 0.12))
    (fp_line (start -0.261252 0.71) (end 0.261252 0.71) (layer F.SilkS) (width 0.12))
    (fp_line (start -1.85 0.95) (end -1.85 -0.95) (layer F.CrtYd) (width 0.05))
    (fp_line (start -1.85 -0.95) (end 1.85 -0.95) (layer F.CrtYd) (width 0.05))
    (fp_line (start 1.85 -0.95) (end 1.85 0.95) (layer F.CrtYd) (width 0.05))
    (fp_line (start 1.85 0.95) (end -1.85 0.95) (layer F.CrtYd) (width 0.05))
    (fp_text user %R (at 0 0 90) (layer F.Fab)
      (effects (font (size 0.5 0.5) (thickness 0.08)))
    )
    (pad 1 smd roundrect (at -1.025 0 90) (size 1.15 1.4) (layers F.Cu F.Paste F.Mask) (roundrect_rratio 0.217391)
      (net 2 GND))
    (pad 2 smd roundrect (at 1.025 0 90) (size 1.15 1.4) (layers F.Cu F.Paste F.Mask) (roundrect_rratio 0.217391)
      (net 13 "Net-(R106-Pad2)"))
    (model ${KISYS3DMOD}/Resistor_SMD.3dshapes/R_0805_2012Metric.wrl
      (at (xyz 0 0 0))
      (scale (xyz 1 1 1))
      (rotate (xyz 0 0 0))
    )
  )

  (module Resistor_SMD:R_0805_2012Metric_Pad1.15x1.40mm_HandSolder (layer F.Cu) (tedit 5B36C52B) (tstamp 5C897091)
    (at 43.98025 77.909218 90)
    (descr "Resistor SMD 0805 (2012 Metric), square (rectangular) end terminal, IPC_7351 nominal with elongated pad for handsoldering. (Body size source: https://docs.google.com/spreadsheets/d/1BsfQQcO9C6DZCsRaXUlFlo91Tg2WpOkGARC1WS5S8t0/edit?usp=sharing), generated with kicad-footprint-generator")
    (tags "resistor handsolder")
    (path /5C854ABA)
    (attr smd)
    (fp_text reference R107 (at 0 -1.65 90) (layer F.SilkS)
      (effects (font (size 1 1) (thickness 0.15)))
    )
    (fp_text value 4k7 (at 0 1.65 90) (layer F.Fab)
      (effects (font (size 1 1) (thickness 0.15)))
    )
    (fp_line (start -1 0.6) (end -1 -0.6) (layer F.Fab) (width 0.1))
    (fp_line (start -1 -0.6) (end 1 -0.6) (layer F.Fab) (width 0.1))
    (fp_line (start 1 -0.6) (end 1 0.6) (layer F.Fab) (width 0.1))
    (fp_line (start 1 0.6) (end -1 0.6) (layer F.Fab) (width 0.1))
    (fp_line (start -0.261252 -0.71) (end 0.261252 -0.71) (layer F.SilkS) (width 0.12))
    (fp_line (start -0.261252 0.71) (end 0.261252 0.71) (layer F.SilkS) (width 0.12))
    (fp_line (start -1.85 0.95) (end -1.85 -0.95) (layer F.CrtYd) (width 0.05))
    (fp_line (start -1.85 -0.95) (end 1.85 -0.95) (layer F.CrtYd) (width 0.05))
    (fp_line (start 1.85 -0.95) (end 1.85 0.95) (layer F.CrtYd) (width 0.05))
    (fp_line (start 1.85 0.95) (end -1.85 0.95) (layer F.CrtYd) (width 0.05))
    (fp_text user %R (at 0 0 90) (layer F.Fab)
      (effects (font (size 0.5 0.5) (thickness 0.08)))
    )
    (pad 1 smd roundrect (at -1.025 0 90) (size 1.15 1.4) (layers F.Cu F.Paste F.Mask) (roundrect_rratio 0.217391)
      (net 11 Out1))
    (pad 2 smd roundrect (at 1.025 0 90) (size 1.15 1.4) (layers F.Cu F.Paste F.Mask) (roundrect_rratio 0.217391)
      (net 5 "Net-(J104-PadT)"))
    (model ${KISYS3DMOD}/Resistor_SMD.3dshapes/R_0805_2012Metric.wrl
      (at (xyz 0 0 0))
      (scale (xyz 1 1 1))
      (rotate (xyz 0 0 0))
    )
  )

  (module Resistor_SMD:R_0805_2012Metric_Pad1.15x1.40mm_HandSolder (layer F.Cu) (tedit 5B36C52B) (tstamp 5C8970A2)
    (at 25.83025 59.609218 90)
    (descr "Resistor SMD 0805 (2012 Metric), square (rectangular) end terminal, IPC_7351 nominal with elongated pad for handsoldering. (Body size source: https://docs.google.com/spreadsheets/d/1BsfQQcO9C6DZCsRaXUlFlo91Tg2WpOkGARC1WS5S8t0/edit?usp=sharing), generated with kicad-footprint-generator")
    (tags "resistor handsolder")
    (path /5C8BFF8A)
    (attr smd)
    (fp_text reference R108 (at 0 -1.65 90) (layer F.SilkS)
      (effects (font (size 1 1) (thickness 0.15)))
    )
    (fp_text value 47k (at 0 1.65 90) (layer F.Fab)
      (effects (font (size 1 1) (thickness 0.15)))
    )
    (fp_text user %R (at 0 0 90) (layer F.Fab)
      (effects (font (size 0.5 0.5) (thickness 0.08)))
    )
    (fp_line (start 1.85 0.95) (end -1.85 0.95) (layer F.CrtYd) (width 0.05))
    (fp_line (start 1.85 -0.95) (end 1.85 0.95) (layer F.CrtYd) (width 0.05))
    (fp_line (start -1.85 -0.95) (end 1.85 -0.95) (layer F.CrtYd) (width 0.05))
    (fp_line (start -1.85 0.95) (end -1.85 -0.95) (layer F.CrtYd) (width 0.05))
    (fp_line (start -0.261252 0.71) (end 0.261252 0.71) (layer F.SilkS) (width 0.12))
    (fp_line (start -0.261252 -0.71) (end 0.261252 -0.71) (layer F.SilkS) (width 0.12))
    (fp_line (start 1 0.6) (end -1 0.6) (layer F.Fab) (width 0.1))
    (fp_line (start 1 -0.6) (end 1 0.6) (layer F.Fab) (width 0.1))
    (fp_line (start -1 -0.6) (end 1 -0.6) (layer F.Fab) (width 0.1))
    (fp_line (start -1 0.6) (end -1 -0.6) (layer F.Fab) (width 0.1))
    (pad 2 smd roundrect (at 1.025 0 90) (size 1.15 1.4) (layers F.Cu F.Paste F.Mask) (roundrect_rratio 0.217391)
      (net 2 GND))
    (pad 1 smd roundrect (at -1.025 0 90) (size 1.15 1.4) (layers F.Cu F.Paste F.Mask) (roundrect_rratio 0.217391)
      (net 14 "Net-(R108-Pad1)"))
    (model ${KISYS3DMOD}/Resistor_SMD.3dshapes/R_0805_2012Metric.wrl
      (at (xyz 0 0 0))
      (scale (xyz 1 1 1))
      (rotate (xyz 0 0 0))
    )
  )

  (module Resistor_SMD:R_0805_2012Metric_Pad1.15x1.40mm_HandSolder (layer F.Cu) (tedit 5B36C52B) (tstamp 5C8970B3)
    (at 47.88025 77.909218 90)
    (descr "Resistor SMD 0805 (2012 Metric), square (rectangular) end terminal, IPC_7351 nominal with elongated pad for handsoldering. (Body size source: https://docs.google.com/spreadsheets/d/1BsfQQcO9C6DZCsRaXUlFlo91Tg2WpOkGARC1WS5S8t0/edit?usp=sharing), generated with kicad-footprint-generator")
    (tags "resistor handsolder")
    (path /5C8538E7)
    (attr smd)
    (fp_text reference R109 (at 0 -1.65 90) (layer F.SilkS)
      (effects (font (size 1 1) (thickness 0.15)))
    )
    (fp_text value 20k (at 0 1.65 90) (layer F.Fab)
      (effects (font (size 1 1) (thickness 0.15)))
    )
    (fp_text user %R (at 0 0 90) (layer F.Fab)
      (effects (font (size 0.5 0.5) (thickness 0.08)))
    )
    (fp_line (start 1.85 0.95) (end -1.85 0.95) (layer F.CrtYd) (width 0.05))
    (fp_line (start 1.85 -0.95) (end 1.85 0.95) (layer F.CrtYd) (width 0.05))
    (fp_line (start -1.85 -0.95) (end 1.85 -0.95) (layer F.CrtYd) (width 0.05))
    (fp_line (start -1.85 0.95) (end -1.85 -0.95) (layer F.CrtYd) (width 0.05))
    (fp_line (start -0.261252 0.71) (end 0.261252 0.71) (layer F.SilkS) (width 0.12))
    (fp_line (start -0.261252 -0.71) (end 0.261252 -0.71) (layer F.SilkS) (width 0.12))
    (fp_line (start 1 0.6) (end -1 0.6) (layer F.Fab) (width 0.1))
    (fp_line (start 1 -0.6) (end 1 0.6) (layer F.Fab) (width 0.1))
    (fp_line (start -1 -0.6) (end 1 -0.6) (layer F.Fab) (width 0.1))
    (fp_line (start -1 0.6) (end -1 -0.6) (layer F.Fab) (width 0.1))
    (pad 2 smd roundrect (at 1.025 0 90) (size 1.15 1.4) (layers F.Cu F.Paste F.Mask) (roundrect_rratio 0.217391)
      (net 14 "Net-(R108-Pad1)"))
    (pad 1 smd roundrect (at -1.025 0 90) (size 1.15 1.4) (layers F.Cu F.Paste F.Mask) (roundrect_rratio 0.217391)
      (net 15 Out2))
    (model ${KISYS3DMOD}/Resistor_SMD.3dshapes/R_0805_2012Metric.wrl
      (at (xyz 0 0 0))
      (scale (xyz 1 1 1))
      (rotate (xyz 0 0 0))
    )
  )

  (module Resistor_SMD:R_0805_2012Metric_Pad1.15x1.40mm_HandSolder (layer F.Cu) (tedit 5B36C52B) (tstamp 5C8970C4)
    (at 45.93025 74.159218 90)
    (descr "Resistor SMD 0805 (2012 Metric), square (rectangular) end terminal, IPC_7351 nominal with elongated pad for handsoldering. (Body size source: https://docs.google.com/spreadsheets/d/1BsfQQcO9C6DZCsRaXUlFlo91Tg2WpOkGARC1WS5S8t0/edit?usp=sharing), generated with kicad-footprint-generator")
    (tags "resistor handsolder")
    (path /5C8C0008)
    (attr smd)
    (fp_text reference R110 (at 0 -1.65 90) (layer F.SilkS)
      (effects (font (size 1 1) (thickness 0.15)))
    )
    (fp_text value 47k (at 0 1.65 90) (layer F.Fab)
      (effects (font (size 1 1) (thickness 0.15)))
    )
    (fp_line (start -1 0.6) (end -1 -0.6) (layer F.Fab) (width 0.1))
    (fp_line (start -1 -0.6) (end 1 -0.6) (layer F.Fab) (width 0.1))
    (fp_line (start 1 -0.6) (end 1 0.6) (layer F.Fab) (width 0.1))
    (fp_line (start 1 0.6) (end -1 0.6) (layer F.Fab) (width 0.1))
    (fp_line (start -0.261252 -0.71) (end 0.261252 -0.71) (layer F.SilkS) (width 0.12))
    (fp_line (start -0.261252 0.71) (end 0.261252 0.71) (layer F.SilkS) (width 0.12))
    (fp_line (start -1.85 0.95) (end -1.85 -0.95) (layer F.CrtYd) (width 0.05))
    (fp_line (start -1.85 -0.95) (end 1.85 -0.95) (layer F.CrtYd) (width 0.05))
    (fp_line (start 1.85 -0.95) (end 1.85 0.95) (layer F.CrtYd) (width 0.05))
    (fp_line (start 1.85 0.95) (end -1.85 0.95) (layer F.CrtYd) (width 0.05))
    (fp_text user %R (at 0 0 90) (layer F.Fab)
      (effects (font (size 0.5 0.5) (thickness 0.08)))
    )
    (pad 1 smd roundrect (at -1.025 0 90) (size 1.15 1.4) (layers F.Cu F.Paste F.Mask) (roundrect_rratio 0.217391))
    (pad 2 smd roundrect (at 1.025 0 90) (size 1.15 1.4) (layers F.Cu F.Paste F.Mask) (roundrect_rratio 0.217391)
      (net 6 "Net-(J105-PadT)"))
    (model ${KISYS3DMOD}/Resistor_SMD.3dshapes/R_0805_2012Metric.wrl
      (at (xyz 0 0 0))
      (scale (xyz 1 1 1))
      (rotate (xyz 0 0 0))
    )
  )

  (module Resistor_SMD:R_0805_2012Metric_Pad1.15x1.40mm_HandSolder (layer F.Cu) (tedit 5B36C52B) (tstamp 5C8970D5)
    (at 39.18025 68.199218 90)
    (descr "Resistor SMD 0805 (2012 Metric), square (rectangular) end terminal, IPC_7351 nominal with elongated pad for handsoldering. (Body size source: https://docs.google.com/spreadsheets/d/1BsfQQcO9C6DZCsRaXUlFlo91Tg2WpOkGARC1WS5S8t0/edit?usp=sharing), generated with kicad-footprint-generator")
    (tags "resistor handsolder")
    (path /5C8C0289)
    (attr smd)
    (fp_text reference R111 (at 0 -1.65 90) (layer F.SilkS)
      (effects (font (size 1 1) (thickness 0.15)))
    )
    (fp_text value 4k7 (at 0 1.65 90) (layer F.Fab)
      (effects (font (size 1 1) (thickness 0.15)))
    )
    (fp_text user %R (at 0 0 90) (layer F.Fab)
      (effects (font (size 0.5 0.5) (thickness 0.08)))
    )
    (fp_line (start 1.85 0.95) (end -1.85 0.95) (layer F.CrtYd) (width 0.05))
    (fp_line (start 1.85 -0.95) (end 1.85 0.95) (layer F.CrtYd) (width 0.05))
    (fp_line (start -1.85 -0.95) (end 1.85 -0.95) (layer F.CrtYd) (width 0.05))
    (fp_line (start -1.85 0.95) (end -1.85 -0.95) (layer F.CrtYd) (width 0.05))
    (fp_line (start -0.261252 0.71) (end 0.261252 0.71) (layer F.SilkS) (width 0.12))
    (fp_line (start -0.261252 -0.71) (end 0.261252 -0.71) (layer F.SilkS) (width 0.12))
    (fp_line (start 1 0.6) (end -1 0.6) (layer F.Fab) (width 0.1))
    (fp_line (start 1 -0.6) (end 1 0.6) (layer F.Fab) (width 0.1))
    (fp_line (start -1 -0.6) (end 1 -0.6) (layer F.Fab) (width 0.1))
    (fp_line (start -1 0.6) (end -1 -0.6) (layer F.Fab) (width 0.1))
    (pad 2 smd roundrect (at 1.025 0 90) (size 1.15 1.4) (layers F.Cu F.Paste F.Mask) (roundrect_rratio 0.217391)
      (net 7 "Net-(J106-PadT)"))
    (pad 1 smd roundrect (at -1.025 0 90) (size 1.15 1.4) (layers F.Cu F.Paste F.Mask) (roundrect_rratio 0.217391)
      (net 15 Out2))
    (model ${KISYS3DMOD}/Resistor_SMD.3dshapes/R_0805_2012Metric.wrl
      (at (xyz 0 0 0))
      (scale (xyz 1 1 1))
      (rotate (xyz 0 0 0))
    )
  )

  (module Resistor_SMD:R_0805_2012Metric_Pad1.15x1.40mm_HandSolder (layer F.Cu) (tedit 5B36C52B) (tstamp 5C8970E6)
    (at 29.73025 59.609218 90)
    (descr "Resistor SMD 0805 (2012 Metric), square (rectangular) end terminal, IPC_7351 nominal with elongated pad for handsoldering. (Body size source: https://docs.google.com/spreadsheets/d/1BsfQQcO9C6DZCsRaXUlFlo91Tg2WpOkGARC1WS5S8t0/edit?usp=sharing), generated with kicad-footprint-generator")
    (tags "resistor handsolder")
    (path /5C8C0060)
    (attr smd)
    (fp_text reference R112 (at 0 -1.65 90) (layer F.SilkS)
      (effects (font (size 1 1) (thickness 0.15)))
    )
    (fp_text value 47k (at 0 1.65 90) (layer F.Fab)
      (effects (font (size 1 1) (thickness 0.15)))
    )
    (fp_text user %R (at 0 0 90) (layer F.Fab)
      (effects (font (size 0.5 0.5) (thickness 0.08)))
    )
    (fp_line (start 1.85 0.95) (end -1.85 0.95) (layer F.CrtYd) (width 0.05))
    (fp_line (start 1.85 -0.95) (end 1.85 0.95) (layer F.CrtYd) (width 0.05))
    (fp_line (start -1.85 -0.95) (end 1.85 -0.95) (layer F.CrtYd) (width 0.05))
    (fp_line (start -1.85 0.95) (end -1.85 -0.95) (layer F.CrtYd) (width 0.05))
    (fp_line (start -0.261252 0.71) (end 0.261252 0.71) (layer F.SilkS) (width 0.12))
    (fp_line (start -0.261252 -0.71) (end 0.261252 -0.71) (layer F.SilkS) (width 0.12))
    (fp_line (start 1 0.6) (end -1 0.6) (layer F.Fab) (width 0.1))
